grid_0 = off
grid_0 = off
#cam rotation: 
camR0_0: 0.892944 0.447256 0.050941 0.000000
camR1_0: -0.427421 0.806910 0.407665 0.000000
camR2_0: 0.141227 -0.385795 0.911697 0.000000
camR3_0: 0.000000 0.000000 0.000000 1.000000
camT0_0: 1.000000 0.000000 0.000000 0.000000
camT1_0: 0.000000 1.000000 0.000000 0.000000
camT2_0: 0.000000 0.000000 1.000000 0.000000
camT3_0: -208.000000 64.000000 5000.000000 1.000000
camS0_0: 54.183220 0.000000 0.000000 0.000000
camS1_0: 0.000000 54.183220 0.000000 0.000000
camS2_0: 0.000000 0.000000 54.183220 0.000000
camS3_0: 0.000000 0.000000 0.000000 1.000000
